1 40 120 7 245 74 238 Test1
2 255 255 255 0 0 0 greatantibob
3 0 0 0 255 255 255 Etrnal_September
4 228 170 19 36 42 49 zelda
5 42 177 104 115 191 20 raildemon
6 47 73 126 154 238 148 ScarletSisters
7 136 51 23 15 200 26 quieterone
8 34 61 245 144 4 134 zambiee1
9 19 10 191 1 127 111 pugsniper_047
10 200 239 161 69 159 8 RaydMiard
11 29 40 192 185 2 87 KetsaAndPepper
12 8 255 198 198 255 9 RennacBTW
13 20 52 17 147 13 115 xSinicide
14 48 32 100 97 69 1 blackwax143
15 164 0 83 82 36 70 Nightbot
16 47 227 113 178 194 0 KnightofZeal
17 64 101 33 74 82 155 rontifu
18 93 70 191 159 17 25 miendiem
19 21 17 2 227 8 10 codemann813
20 62 63 76 167 45 33 Zethno
21 64 100 218 163 214 155 StylinSteve
22 19 200 161 78 120 13 supermalmoworld
23 54 15 171 186 240 99 HidariCenta
24 64 233 210 77 51 43 Coy_Stream
5 134 214 72 18 58 131 UninformedPleb